245191224
456064407
534375837
237806863
34092207
237774793
19077472
237765032
211241330
16008571
237871545
16050183
24158215
238275015
72740377
246732771
246288568
266031138
47646319
16058854
19931190
28135243
247285439
2887557934
38448027
15898362
581960475
22983776
27103620
39260365
21370484
25217702
348666465
71546514
53546501
33679256
19619325
365001537
530844560
1023051320
1421713172
437646754
163970800
2592286880
407243544
166992562
2752767012
29766726
14159148
17912982
9624742
73181712
20179628
337742544
849954559
400125177
164298891
1408711116
505137516
2201799834
51538965
113379573
2239444472
2355164796
42871498
16201775
868678380
89587925
74161330
90428165
234823795
587621233
212250453
39520162
360763299
33992250
181960377
80378272
21909134
44354667
177635717
559860613
26019704
803583110
491404476
238672430
329965371
1125307076
42918395
552146955
238647566
61371002
635038135
1139945832
2980184812
1055985336
284287584
27264172
93784878
280656200
351631746
1596484812
3071404048
18486586
2153476724
19318231
522345320
48568150
2962994194
128887496
166270085
980856864
127008947
1673452411
82649553
2284129982
142836541
20071361
394284564
36681590
17409240
91087589
15248150
622804972
191477653
234014087
398088661
1880674038
1603419038
1854981890
1135388684
28558205
1947265657
1045110018
2970279814
2293131060
2293012705
381603450
16899221
2924451018
36184220
17471979
11348282
2359926157
17629860
15647676
66369181
8775672
106597684
16129106
10126672
54885400
19611483
148845723
148878245
9130702
14692385
27027979
20531929
14240875
10069612
14695985
28796289
59225745
344805504
216123608
25760301
2905519294
335721287
2615935909
2383840441
1660349568
27347950
25371987
20815457
2975350155
14258321
535093218
1148956603
2329242218
959418931
546820570
384457565
563342361
237590404
248735463
117096161
81754364
97262484
127871048
88806753
116930972
2988477717
297053549
272019676
148771088
216001749
38213241
24934923
33597575
108156381
52596035
600336338
2338694154
158488631
15922214
9300262
1917731
193872188
320748664
2968451607
3300254883
21661387
29988699
21427812
50399834
52293877
14689197
14495726
14221917
15754281
2467791
113127789
1378231782
29205600
14179819
21021385
14787713
18391051
16083576
15755669
197042132
1093090866
49134370
1702571186
14625398
57673909
120188379
3290070855
514557770
916935650
3333055535
140519774
38019109
18191927
331281795
30313925
18137749
151963505
74508260
31801993
18695134
15808765
463132556
111635980
249348006
1536791610
74294786
325830217
939091
813286
14377605
1117740558
117567750
322851701
293131808
16789970
73238146
133832049
188019606
22012091
15764644
43963249
