463488487
42891240
42441300
167857536
42176166
36272290
222492885
2149921628
75085858
113635822
157735379
249469549
326562333
333517999
336020675
336130457
339719556
339824133
342130032
346083895
347276428
352644923
353239744
353263514
353847680
363722449
363887554
369089298
369123575
370113964
369684457
372386913
376327986
376874857
377308500
379379520
382217070
382734543
383997228
385052743
385974828
387531939
394336510
399201012
399452621
400344850
409462343
419583432
429455200
429685724
431907614
436347713
437235053
450577886
460408325
462424772
466649398
483688818
485766720
486997945
495403231
496237161
509191768
519806466
522411976
545423953
560376256
569194982
577685565
595617958
599454226
613714169
616360824
626731023
633166200
633726625
633980404
705082592
713369978
774478651
777332384
814589791
871989314
1080504728
1177511551
1201619390
1225954434
1280318305
1337490036
1347226375
1427982906
1435777862
1634629316
1858027897
2317790305
2317824895
2382608569
2395262534
2463358249
2478792504
2530077547
2541855991
2559729506
2561646679
2614375933
2769414451
2844750846
3040844088
3286608716
1626294277
500310959
322699008
36748513
29272799
14811485
1536811
2537507303
69066533
352548417
114394116
165628821
571202103
20
151412907
15325142
285900556
22992995
28350927
18102647
151444950
13067732
388076619
1560830346
20259954
2303751216
1060578475
474065017
249949680
18526653
262223982
19570075
259323371
21332200
2576494052
14345062
15320603
18438933
365934285
116529568
21056978
23839835
18697888
52774637
52521572
74987950
115710058
232235048
735122173
14677751
16955870
56440142
28049266
241201385
2174393299
15689503
55896443
188376042
11731322
254030334
47694175
312189104
879521
63004503
297556877
266830495
282778510
28150008
167518667
71048726
2340558698
247033019
38429399
56772461
80928773
79743108
1242286285
89465917
18080708
74820061
107225267
128301312
874916178
22872643
16906137
23188724
18622869
2517988075
778057
17026610
220262375
76741772
2800694265
414250918
57288354
3060233565
15931663
253004443
14401607
239962876
426345783
14703188
15781389
27676108
16252199
258082407
184860130
15919256
20384533
16753660
188857501
14763834
21252618
407013776
19553409
35027698
43409523
15159913
14074967
21313053
7380872
234186830
20813112
59019225
16072058
19186003
114887629
16340501
45604374
14630267
108617810
4119741
309883487
316389142
3064026239
21797658
18915795
29244617
301014412
21879358
21138770
47098558
105925025
52988487
485018010
1888246902
13832182
104211263
112597035
115718513
16311797
125879595
21268897
330361451
31412419
401625957
52112689
270415274
90627994
185360823
50073507
21197618
169586280
485083111
59676104
15766082
17062849
18686907
1198481
147666113
147649517
341118458
300497193
37895887
355671913
39574433
47960267
28576863
997684836
85131054
21307076
60783724
262872637
31037199
24933645
372798788
2657143946
369746299
4265721
40116885
13524182
78693573
11388132
277607212
840289352
80617430
1296979891
130945778
130185652
103087786
229599399
22545453
106135104
39040115
17601988
76707735
18825339
121795745
22313347
34022952
1947265657
705706292
15816595
301750247
110914578
398271367
217284148
398088661
927783252
77032777
90077282
39434755
1357532497
2312829909
15931637
906782533
47624589
272019676
133048642
17469492
14268812
114870265
20742461
14834340
2329066872
873590119
535459329
2339409145
890722850
1548489476
195826487
191477653
250784170
38459769
17354416
21114659
176450747
291690583
426041590
423631401
357236749
46176168
8834412
2458364053
21251300
189129306
19224439
89593573
39245720
14517538
120233868
226453985
36510873
201906207
435299501
16469809
484273239
110213431
554205029
7055782
563924098
360080772
24845506
587842483
29607664
120185048
132589871
138479037
146167871
261289053
269448653
339332911
255347566
168674628
168295477
123327472
119491006
87271106
87584353
85850590
463765807
1483971788
19086456
17822855
17436250
16172747
15908429
15586316
14480378
14021902
19079396
86129724
17004618
14270650
218952383
135931182
59331128
14552725
168684891
59145948
1109139308
7091592
14708747
38960144
546231794
132366994
19160709
14529929
163598915
2173288309
17539497
7402662
9855382
15675138
1534376689
17142046
44513878
229139732
353344542
28652194
24789175
33919343
20268045
237477771
14246001
14870670
20079730
35777031
22540607
38469386
344360327
214563921
88750092
116550147
69324201
16298130
39408327
498326347
136550204
142721190
170034104
182516029
103084042
18206547
25491788
18791654
242418441
17655090
217550862
222622640
17340781
16930125
16170253
15727317
15840979
18678924
