51178084
2354228635
2570559854
245834529
38477209
14676022
15667802
148315696
15941955
2327617195
369553654
3399861748
208668757
20329672
5360012
14786217
17793878
19539716
13201312
16029780
29221344
71019945
20068053
17596622
3554721
3387484521
389028352
3341836661
1691379649
15134240
167359926
2886104289
3387437061
1093338182
124237063
6794502
146569971
455024343
426909329
2458567464
1530850933
1342861723
15647676
66369181
17629860
2248872301
2359926157
117439544
15170346
54645160
2868990450
18221780
46648807
2485930448
308573576
3164957289
2850888928
16532451
425134513
364932994
716544710
3122099613
361321755
26538229
120176950
20437286
110541296
443039383
149162374
15940218
242035798
28589777
76333719
109662055
16646406
146827403
148374341
17906632
36003748
158479969
30267826
14441010
87744493
35748303
27767737
214968901
28111872
16560657
18359875
300114666
171637104
14897840
96173926
163927728
76938199
158132382
24554901
14437161
159128790
22946533
44916396
62897846
97465432
301800247
76091295
46488985
252919048
13657662
21415216
179297823
182944958
112768749
143819023
252365306
256302065
236131152
71958490
78111823
78335374
16396588
337560499
217510835
9270352
24810595
18025557
150304398
21789369
25369216
208387688
42952577
161698693
54244175
346719899
167144775
266365948
418875034
14238142
98047662
16221884
261234528
435346293
80910617
115639426
473007389
468430671
27990131
405718763
399112678
397306052
39860895
27524286
339976465
292479483
389603446
472223791
14463848
61762853
361872364
17526123
355769657
360036036
17640124
343149402
23790945
348796219
376245255
104985029
525042670
205377891
46187825
353211201
218546441
44961877
57719071
15147042
24467012
22259628
222953824
91425683
75068011
17901961
16648790
33701017
116763916
372994560
52818466
58569666
355623624
55355654
17171111
322990625
195897926
257038465
379997466
17756440
128895688
321406068
158770609
136371136
225057571
28127444
259737128
44795141
271086864
17599655
99756515
158477137
263212285
27985612
242431231
227385044
183351675
43984202
20600214
117841559
86070538
161296773
85332821
67168554
161414795
159599257
63125746
258942898
253121489
96224375
36989399
249161967
21162374
234499923
212208059
126061182
193345397
65458533
216891824
19912304
128269680
16581604
14425965
939091
27075906
141779581
24460200
20708051
82645915
55242329
69033227
415851069
34617778
15458694
23609587
115772421
429236843
172344569
529041686
532507334
525529875
166405793
19948202
89731752
37142865
134934766
87711945
18251414
14955620
633947174
389693939
597538864
36078151
31526214
882605005
16243405
1071334304
874318459
1262718800
440051629
1264917235
62807483
27147528
1577882318
363367110
151178491
43415553
337742544
94609215
1861429188
29980128
949862138
19066998
324095367
468480375
448292850
137865247
30231097
1455135450
2328729386
748484935
1668137400
594701756
2255198954
142410799
101815742
900423858
394815644
300857864
1148726298
329865729
243362336
219070649
143491086
22169931
1650703303
595760308
23995748
13557972
1287439897
70789586
33547767
2230608054
1672145616
66137554
2387136125
284308362
2494158925
322826782
26245678
1160703630
185376376
224090512
68515162
737796901
546164390
2189207978
15945641
385219711
252891973
38257203
321736725
2571544922
1219815960
2654865098
14412883
373203875
67385653
2499844250
1648580678
873186962
498869313
821487120
364918286
2834281427
14173315
634255790
2863944430
2910022539
808822220
376358279
2575166497
3015935440
976542720
2332041810
109593622
3127249649
2312699875
2153126070
207190400
2898783955
334983578
2463630248
202695643
2416039278
423437940
60628575
299798272
19550279
1446255144
586909317
619247259
18001789
19075173
24920395
30227658
20180101
52443555
59863421
18081913
22952419
27706099
24362769
23618466
16785032
36683668
15231520
16573859
71047638
80113196
6519522
127974109
20438137
364400667
159249403
80579719
11695602
115769727
7402662
9855382
34303729
190890578
355577408
174744715
20058011
33600887
5741722
14062180
27694585
17346287
14226882
20517132
348774571
25085215
113420831
978620492
729177876
19824430
14466538
259736125
293131808
16977023
38516217
133022865
19608297
131497030
77285681
20463418
15794057
498538104
47402168
245891006
1102161270
17902389
67215899
54626407
14700316
1586014255
15675351
20707070
58503762
104576097
35549780
34113439
369238541
2416275830
85341683
125984385
46647072
31138753
264332977
2654291262
628709039
18018782
539173785
14766917
18947754
245571881
1302505867
2695663285
218982890
15302596
14768117
103004707
238315997
1166690726
15599873
18713552
10389902
18490288
33537967
7334402
36771809
44931767
743292565
1329545508
175397774
2833029232
1598979864
2402350159
2290232292
11856892
115402211
124196924
74454029
59184319
3281853858
2860639065
533361215
36098062
153869519
39575290
22139417
85365067
78677709
22650398
27048645
388469209
486694111
60828944
1262099252
860334187
54994166
16129880
352534407
749523404
8775672
54885400
10126672
19611483
15113565
17409240
31310158
18180336
17088738
562071938
434940789
23871652
59787642
873861104
74825576
299743215
205392468
69297657
394209465
16312540
15954997
13491312
61206798
74294786
21684013
21406834
14984637
18909919
31611298
33576489
47412499
22812754
31801993
18696134
19318314
20552026
20002401
112740986
116505994
108376246
111635527
92186819
122174004
162069635
151519500
20545793
29450962
151963505
137794015
56864092
161411080
33563161
28599820
36948268
84119348
16583468
166252256
188019606
24745957
80612021
148453195
30216513
48086014
208692908
132201224
242426145
237770636
242892689
233783568
240812994
85396297
28602948
33530012
210926192
234826866
246088673
36719281
30912937
247486443
168673083
73181712
153149305
221792092
193732179
19658936
16669075
163570705
232992031
23593446
111635980
239905257
234014087
82453460
164007407
30929600
29205600
258900199
17366486
312134473
252249233
192955168
15012352
16789970
384913290
385429543
381152398
164369297
40302336
442824717
479872233
22669526
24959108
44783853
558769636
17539497
1064206014
1051127714
1055685948
1037321378
389840566
1090002997
1045110018
1055730738
1068499286
1055907624
1058917562
1058717720
1061385474
1077121945
776664410
950783972
1074129612
1092979962
1089859058
995193054
69066533
1080844782
242836537
1140648348
1134292500
1128781184
26637348
328679423
87510313
1206227149
16228479
17907578
377609596
1080509366
467823431
1072467470
408816873
292935209
1707321486
1222257180
26283468
1339931490
404132211
1861751828
20609518
970207298
1071777608
486821128
18829123
342863309
2467791
1652541
3108351
245451804
463132556
1155335864
1262814457
491350825
510516465
2966570782
2970279814
236279233
581141508
2433737761
3018670151
3044993235
2968007206
2863006655
2916086925
125453969
2968451607
2724095695
1880674038
231108733
74508260
2962868158
109071031
82853372
937723303
364415553
37710752
1393155566
40426996
41441873
552582271
19725644
305620929
153784150
102865507
76348185
14848513
16564324
17292623
29754042
1467609360
330921167
66727905
14091091
15169176
24919888
2734713482
3342152225
159588456
21436960
525425046
1451773004
43166813
65647594
46220856
587536673
65707359
33256849
115449038
1017637447
44177383
27978179
17899109
68999404
75069067
1330457336
69193833
44134773
1536791610
1286312880
1281405877
140519774
942156122
1060984272
158398519
88806753
303861808
23692369
71267797
22197119
111395996
369697377
36429302
113480384
116832720
260396714
281588648
339690481
556004801
1433440226
30225291
44697596
19360034
165565715
19666018
221563863
851549598
2587026183
21121491
62343633
153554238
394741838
960962340
418137371
281257435
306499543
21765244
1433584531
355525235
862023649
45577446
186469822
78361556
240334235
633035500
2209565588
175384910
3213473824
14962779
55334133
18510860
15220768
89820928
91180720
49698134
59031230
158426909
13524182
2347049341
18622869
4207961
205864193
2836421
20818801
16687237
22019881
3018910586
1405337395
1401305010
2494736924
20272531
1604366701
19674502
9624742
15007149
1615463502
482120066
17294950
2342072808
1472395142
862430010
948527498
944531131
166311873
14630443
96917608
104991713
79899301
68261372
1160560482
32513830
2826923522
2515448870
239604865
2342515327
3386068072
2351930516
2205695227
1918345537
16045268
12413032
37564255
1058520120
143492612
325830217
425985973
1093090866
3290070855
3239929284
25119699
16312001
13393052
81451949
18703850
413272852
1646506182
73416019
17086475
49697450
78461452
43638469
44988185
126062842
3073396690
193055295
755544986
31128529
19716781
31122582
761783018
1424085642
246357149
838239986
109328493
2987671552
2485363350
14345759
78697740
15273747
285198536
2424388281
20069434
106514937
291734275
17836558
28169971
15048627
298228534
30793240
197524784
48081662
627441683
2482734985
16455297
592870114
97732452
153486399
73238146
14377605
2272531993
259298640
18851248
21146733
568444562
26927750
3063052491
48103098
56416028
213526475
1222689073
873913976
130215899
212311116
402957663
50310311
113202279
17006036
22162854
153558139
63262233
351130417
40069846
35013862
50378967
20015188
19719380
20061464
28145061
15935383
17789578
18094552
2471375148
41608251
21324442
62633151
387093691
461539801
129834485
222107569
198902989
8861752
18917699
106447749
264257996
91416716
25104308
270361579
436730442
396716628
392733003
3176669067
952419312
165791468
14426645
85892107
120342217
45573874
36711678
454313925
14342564
54546430
419662043
17451742
14615871
104201057
20060293
11348282
45474328
1135359432
904687550
317303054
58928690
432771620
1243902714
292990703
29501253
381603450
22053641
2970462034
24913074
249348006
267938462
516880804
3180731810
154139987
1603805503
534840893
16000856
108993692
15854702
18191927
53176629
28796289
14695985
14240875
10069612
342806058
182000140
146089665
31939866
16503916
16196492
473633388
2846711961
1096062824
48123578
15210284
191477653
250386727
36686040
208856459
360830402
630310686
19598173
153944899
168502762
199325935
155669457
432676344
172858784
7429102
2975350155
62513246
46854930
1074518754
2964259643
78445977
267854863
249410485
161791703
2428009045
259918701
28642247
1071102246
3091316093
128645212
588601602
18978610
262457799
391098190
7004382
322183008
25781141
636534384
14821556
150709446
455288410
21953248
329415374
565886416
312248392
127765594
1934741881
24733117
133001476
14851523
620255756
15309804
15174710
1484734753
18286742
372076262
18244087
111665343
1006754377
27922960
15922687
386458740
208648011
55647906
1453442574
2625521
724338757
1534718042
26642006
701725963
63169388
44204446
32309662
1531521632
31855526
1602587834
787373558
821372790
31223236
122745846
20747881
309354920
147812313
15635891
1561491644
18805644
21307076
74501824
595515713
121566546
20772763
35936474
355906128
1035443946
16336098
1410590874
1430830393
278658527
81969399
38254095
16967845
339852137
431001048
340588050
138770045
757303975
76554996
45605983
72618381
262668957
270067927
45671898
17011177
344489688
16017475
248735463
28596460
14717197
15473958
47458489
102788713
381702960
231029205
97503010
759251
51241574
23600262
15442036
15973881
14801539
15855331
273055221
86226667
44873497
475286355
18587457
202416362
45540582
269996309
112643989
813286
81756964
369235991
98255122
50452197
16824141
385091608
75425872
170268437
8953122
15923496
455039357
466519303
16303106
43403778
244727125
409486555
22146282
176459714
202819700
78908249
20848977
159216278
165831055
337306809
143913804
357789207
17009186
21542518
27029537
29472803
42266117
28495961
23605505
69594797
159217570
80944550
21619519
18227519
15436633
97474887
16151138
16472802
75052666
48847011
227837742
29442313
36375662
48802204
42389136
16792361
149162497
43372241
16453846
225962390
14980820
257508417
237493841
96230455
28596349
233933608
176417261
14360824
18009561
257993631
16999795
43920155
4970411
336183278
26013693
42419247
16245822
258856366
133832049
428333
24195214
132278386
29293808
18938912
197565010
131204770
109025212
20179628
17494010
17976923
20100423
17074440
15923226
14848798
135579990
13918492
15391102
17993906
16012783
115979444
237780351
72198806
247334603
39311638
5357812
239949176
60713593
13058232
12925072
7713202
16129920
14268812
21312077
14246001
16930514
60919240
14412533
21982720
18137749
14135426
86697288
14511951
807095
14345062
14434063
20608910
27901418
7356562
14515799
43963249
38036043
15764644
22012091
15824288
1917731
9300262
1947301
19553409
15918708
5392522
17006157
15675138
30313925
15808765
15922214
