100274805
854021766
278577850
7144282
37524685
251631103
96547093
23788285
102578593
3325151308
47554499
22255092
21374184
2855351854
2995212388
101625312
864745800
335015399
31168926
47837258
10862572
85985204
237949412
23175052
1049348676
21807663
14286413
161335306
47126545
2461810448
65698096
67648134
227011027
734414323
22805354
346964561
49456598
198394159
217413344
34040037
3248274452
1365629082
19031346
1569448915
217999469
40604226
26417304
942122522
26107517
16272615
2811899132
3034626213
572961087
92673706
123791259
14532389
225270766
25613273
268296900
1289878423
163923801
30105506
52556407
14339587
13448172
268400610
318692762
14466538
40296465
2465324016
246977649
543177628
2960029730
218297025
192904801
1561978184
609561759
3347412699
64912254
1373421295
2842947493
1056590900
18171826
32562216
271981588
68872740
290830333
2966783441
2652014910
3060075937
264192601
15429247
251790616
2370233987
19212015
415905677
105630657
349836013
29367278
108084518
3004054330
17976087
250981425
28129721
2190338651
23944109
14996907
20100423
35235637
105141132
16191419
2873604534
98300494
2724202896
313523444
138087534
2413599300
18820246
2886423247
111649514
915469704
141083533
831477097
108987695
364241111
119152791
6092972
89728110
390696780
15141902
143489158
418300249
1051882850
425510058
636594762
136761302
426989889
476322088
15663391
78323317
17928714
234248062
419566479
970604910
370867226
442960114
593091020
14532794
82046788
115183975
44235399
3310426131
2792075348
149283816
237828769
2328050430
210961663
412358434
14220771
29442113
159124223
56699180
54617733
115979444
37600364
3249130058
3140442634
32138104
41652431
16621829
150508959
43243123
622663869
1704998935
105946223
259329224
2458475150
484934773
16007726
1046114347
193518272
3040135285
1066989187
537753670
242418273
116855072
1895637186
27750171
12843902
2163320689
14233007
913124468
95348745
406596931
597685798
3750071
17377538
17494010
148593548
448357407
3053836428
2877262962
26370513
15739364
40039291
271085108
39926563
46337804
344353541
300621239
2541983324
84208310
50481318
45880592
1392816260
223347719
42822376
255654609
3032005726
412998763
45063277
352508648
192698391
37952074
254999238
22881070
265164088
50102717
24646153
262422224
48738659
28103693
50486198
23501907
28796289
15302774
74829020
17903397
288537106
422635202
1563385411
95483802
187413029
25724817
12226952
294838720
378768397
1228236613
42523291
883201352
848518471
9114132
382182278
41392416
260772625
3977211
1643766884
572672901
43323211
2496683089
189366819
80729495
250932001
19199193
433675700
36738365
13149202
575849254
2691195291
259121785
61481011
325660709
271128404
251235684
288302109
17251573
14820509
813661298
16088799
21993333
53830582
519000413
277347420
1097052180
3152174825
444955428
3288452859
27918364
457904385
574684578
299141863
418214556
1601473026
1625735424
84606191
29951786
1385194297
483206664
531965711
20958456
500336881
270891642
2908423338
2955814353
140414745
108494073
393756886
1897946983
166244458
36209468
21185982
24279540
24687499
14413424
1883041224
1100018454
445124916
1100115108
148315696
70280254
24303166
125373627
91409788
39547629
47034524
406318939
1723148180
259864160
47670643
904687550
358918792
575847627
185680169
1570623740
2975722854
25319511
413615788
21352055
21566700
2187737636
2993811906
336532701
143562492
15546192
425565087
27489452
160896954
389086205
46174210
2432396893
1586804930
78693274
377953105
1155335864
22657082
1479748051
222227079
71425652
24073719
3156837031
448298986
370511015
499437447
38864965
110839476
49053573
290771271
403047895
2418402254
292990703
17792890
49706968
114844202
2722580462
257152895
1620693487
870227161
22637642
2828277842
52105248
25252514
792864252
3178306243
2546312611
21952151
3001430683
3299838832
70130563
2494203973
1445014590
14409185
469944668
1246236312
64294040
2414609995
1514384990
30800005
536612712
2844246234
1465393922
1290226068
1548827132
1343380237
2168914746
141055633
2480891059
74576640
9715012
14453704
5360012
32854561
866208528
125431781
2887331541
191323004
220064777
2191021404
462427721
27139200
437922544
1581466506
519605426
66017557
516023524
450975552
586077531
570812394
330723542
16486924
2198723234
790530992
21660781
3221190907
18142371
21308157
369505837
30313925
3009606780
455972590
1321522453
96044952
31480713
55335497
112277014
217294657
256402351
49131131
43811112
1457945196
1558904461
22221695
104548413
267678618
242980410
207249457
785969018
329888335
23357546
35976790
75649353
21173857
463382740
74815175
132353811
193441812
25267161
346711949
96616873
298099354
344162480
40331960
18107749
19358830
2381136982
170281084
58950219
45233046
277691411
820728360
586926624
180533262
577157579
349272278
267844502
272614288
197944710
157037473
1215378980
16075327
1676951076
208246140
16234971
325794961
1379716136
30626499
1534040180
21403204
363041761
574017168
1057356487
1244124979
16028233
13458262
188055076
137250971
457077718
16048436
130595201
563760715
50348123
170618342
25926407
2987643135
89204499
245864508
875869596
60783302
399826249
17497747
2605875176
517212934
15906702
141818077
1576278198
19467693
33655203
1536713995
90494972
137752344
16178385
15909226
20255925
14133964
18713552
151139656
30333539
16282517
929993845
198393228
2332055875
18867221
2151504811
115127182
1442020368
3115649299
299813734
2480106588
1719361092
947990083
262029314
1361172445
129096246
481494549
1025073326
51583199
129953185
2370531367
49175101
165487635
2191481728
68599588
609456661
90980128
23461838
144654066
59869729
1175337830
570859259
3042011766
309718072
44194357
62152465
1392892380
259861053
57875897
126032227
79295663
3018670151
345781333
394437753
780264936
153310753
1126810824
1547348070
1172900508
459547958
581001305
1008785576
225609278
178404668
1692258254
385041928
539595746
49762264
598834537
196802928
18627061
195744991
86445400
84124051
396591039
1301535528
105901420
2207861
98912331
140575876
44416699
1304373205
718551618
15731165
52751069
90309830
530938979
28117421
20715638
495415177
51223109
2866146572
305567403
39438765
1703037918
326595996
194148094
16362835
3256432295
2470121857
17466418
1650584894
2601755348
350998176
51886238
129917668
818418566
2811780788
97740430
713096355
2327617195
128583808
27701354
1050282440
1181124217
359170947
2701740860
66267233
7771842
24631657
1322917766
50013926
89621202
22873947
935560465
3020232633
1702401439
1657922330
42911253
5847532
36196298
67622805
74664299
191320148
1933496028
78267072
132348695
123790358
18021686
330898105
1043046169
19950013
63207150
20676259
43650339
35808712
958235264
1601800124
935693154
462656276
444743734
303440327
17412903
511081531
2528702076
2746229537
16694229
1673315930
567497431
1494609860
16869406
414010452
329442034
138473832
2279647570
23830016
731706031
337722792
113349253
564678676
415610231
119817010
190060524
1330157610
34400511
178557358
22650582
132366344
556865087
299876049
74841636
156772034
347402076
17056433
14377605
250188760
1040941326
22664654
3089751183
20863676
223700876
45214513
14665656
25005019
211354013
1161097123
455186785
64846065
1120284504
3039877076
3237600915
71048855
1104959191
17117495
236043672
1648447802
25930199
351306762
156126282
38887954
1511708377
156511229
426476807
887302440
253750066
2870319656
27348094
17983733
55793804
22058233
2723095804
3008629441
2347820160
906853832
336103002
510832740
612349741
507529506
620283948
718561470
27941444
185684821
17086475
25914373
419981753
29450962
1692652873
140265982
2428212295
70131863
1305908575
134903996
31823382
586970816
3044882966
1904784198
16463126
28741420
17545469
2516740777
348615325
45350631
225469545
380369255
172467410
48415795
1052040667
591248061
80611628
3069859443
1045164110
1533875574
434467692
827741906
486117072
347593448
251764649
325914330
297068697
3083294216
169335840
720896389
3254974383
2196488120
1970212904
2732763423
266207256
315536137
24662606
169878044
2278497553
2576358493
1626265945
231910284
1491646806
1078595095
21712997
119553648
28119851
711320162
125122538
584307166
1346810209
27723725
135484088
305015198
105800196
16186313
240035789
303842014
810195362
865200110
1018581230
154139987
920128555
17836903
474304890
321651713
2195094710
2790572710
292773417
60496573
607377943
860696467
959614057
180688663
534840893
469696938
280592005
49080122
56995928
169114143
14944682
588097287
562255516
1591844731
208145237
1108201339
24735229
3308545012
180036714
42944605
397507990
2166647804
232023805
3346085337
33065653
2377483632
1010053531
26826561
208876592
471523799
277170859
2929116092
2687943354
35571508
169212845
22010263
2992977777
167929540
612329499
58914809
194665827
79787138
54395839
907164487
421411658
61320986
2180893483
863275092
608684208
59900070
2242487978
34939208
35019906
2359786958
263999026
2352351644
2697101199
3158420616
190982711
3041850775
408078011
146672010
519837680
1663241
533586724
2884426306
602517284
152184698
2954622446
54128411
1623339546
541494547
284035405
151482308
2964197287
762223940
286348171
2841952325
126313550
43013901
190290639
1505661691
2353460956
526621470
2422733222
353172123
394501251
1367095159
10111762
560687426
186255885
2232150026
15207885
480895929
1632889554
164293358
56131808
463842719
189130436
14118486
142805349
36070003
123975690
1965825961
3126913587
48123578
15532898
466958869
1323992516
14817416
2477393508
3048500352
68289586
1378249820
3100197785
38280671
624159321
613086655
3248034981
17279281
171600016
1281169694
3119408446
194732318
589808582
17377263
3340308658
860260003
520669584
612754030
293841845
23963470
15964531
1736956716
2680188013
18085545
3255180499
1595775992
1268208180
269930267
38134470
292972553
2362204117
609418776
2784501834
21237658
529797567
3116993807
214699452
262273722
49196301
19777048
548671957
297689344
1740386148
462528812
87875572
228724140
2494603909
188496829
293131808
279360261
56110995
301947441
31239408
258332229
17409240
15113565
500704345
1093090866
813286
1536791610
22716857
320032082
549298460
183916270
312748043
17408967
26300858
1246825206
241600826
3040811027
526256591
77818767
1558572474
242237039
17088410
585300841
189704467
2305221212
29647366
47228218
17822908
1192047438
335072987
33930489
19315424
778945538
178193641
193410675
564977014
27714300
43124030
17600973
610566084
15667802
165511377
355105781
2405186461
2496272269
156549880
2374055527
77068843
386245617
2648497904
490764827
1091090449
633260285
308420780
14569621
493749191
131017267
1666053175
21830044
354385662
369863492
160667571
241171683
47742066
61476544
14703254
258982354
30605409
17225782
14221035
26262555
426870131
70101580
84210850
18185783
2885791335
25527569
304057758
74231747
15338581
15900797
263869952
45784857
296828288
47149949
43529456
1494253590
23545795
3195848090
338345358
3012717709
313339742
3218812152
1961040547
389818351
57145368
43197255
233630180
14122207
23530956
53135776
59937062
347356296
2716100047
21780976
16477728
23759935
49220531
83707005
21161356
93926178
431171274
243801539
151599201
32629554
138618101
2569882543
172988188
1858903753
233431171
56573878
2457531475
24123691
446716383
75428772
22879071
210535110
16659311
19894607
491002715
83075662
1056832406
14455719
45583496
436645229
2443347193
22379003
329399553
38483768
14782782
340567573
551264176
36972302
287406907
320325221
963509180
242903028
204075822
545305090
370916512
761565918
15690637
865675081
26377697
121135144
2349134814
36248083
110484299
21912925
194597243
38359576
2374764228
180782063
52894354
351589211
21029229
33048053
777579762
42101913
24840543
2649107860
98237087
2747822903
280451091
2207592241
1455238598
258652663
51492859
26290718
2664531215
622609197
2828894237
8975162
19210775
213433695
132658375
1593866300
44024055
1046687671
51880276
553887347
40140879
47532871
132981160
17314778
501950896
10847862
15958741
137813485
17956368
18609221
3006040826
3190587957
564180993
1002817897
2598365648
3177408599
87045895
133110107
1289066258
373148993
24553894
3142509549
2981227586
2575949191
16936373
914578339
23810888
21619657
2627427311
54655657
1365966151
28000681
242562766
1402558062
849252343
388063155
32800774
121803033
32043963
2714419732
15425206
25384663
266782844
24410729
177046977
1404309752
193765948
502818901
1458417840
14527940
18713102
399179987
89063077
16516106
321590711
17258301
815992214
256215913
3227382976
39860347
21628191
2989177377
245652921
52475026
18640894
179054279
367330288
801301428
99016014
1950590706
1556786635
738943933
49226976
243431004
2990170125
19739079
1924174236
129739959
2758496285
139619526
582965032
2874320998
499257826
118963349
145760973
3021792692
22508052
147727467
1583616049
17074620
18345828
64414957
35150771
295529423
17979038
17264634
1594611751
341721479
1665372162
2352206654
2226159006
1875765392
347472193
23659401
28820645
3319134495
23274714
12272252
1101776316
453413051
368712839
400479746
40833850
892574954
245688940
3161332245
23563989
16537800
43267398
21370988
16847767
2016821
6021962
432061060
3295895585
2342695910
198472013
2542242270
43464027
329143270
1968260474
378264337
1445282029
37048866
1155205446
17966672
24732531
18427906
23113267
107517396
358904463
18585559
33687810
285645884
177721717
990117462
1199113362
339259711
110595656
101927334
1321103940
58832345
861525044
47746163
247369394
30141611
1263212856
2496463412
16452329
21680072
121236314
609857664
35525602
14789146
302266741
225211099
438060841
380929886
14589467
467912036
21165339
15803316
862440325
409312294
62560140
29847935
819031885
3195330108
14434735
531561605
19035137
1887411025
984079219
23953878
1149855301
2371787618
213738134
76044100
34491556
379975882
2911134915
42447094
15723003
24853554
233306791
28455850
164170039
342385724
1663365920
1307888292
1954894802
39903099
811374312
35753040
409766526
42712193
208060297
187420777
17824498
19958939
64636134
2207827370
926524238
406525946
194861751
15446978
525954207
161170055
19203768
109888256
26721151
284051706
10229062
17849966
23829473
256686567
2332593895
2414856894
3002451606
1740450937
1714256574
171493812
443943265
65224714
2896067040
29339636
829112570
17980254
339943723
243537129
2605032048
3244403994
1711006411
96404912
766533829
376347110
197988310
23602326
77180196
23008283
634170615
134302623
1210421107
303481050
28625348
2327449902
2995987535
194192329
2485409708
61941321
174494268
470483970
15836111
88342710
21316936
17058577
21659133
81632632
1275033378
38687118
29844377
21093796
273708992
23608092
480583471
1920694998
170151721
196853522
24105415
438694296
2307227600
846574897
998683050
169296689
281353263
360307015
405792277
996111685
21312862
401082768
151755285
783541212
45594448
542164282
213923
2305624106
347848134
213839309
29445437
1038400447
574688278
616487153
377656786
2353934964
231201250
144625703
626682905
1392851928
541796877
16659246
2596710152
32986559
15386099
201073140
27713709
1101870432
366851934
96878836
14232465
705402487
216478691
18927630
21179246
344251165
417515654
62733145
83744134
33537161
64813575
21962767
17877391
15359955
51194212
32770799
15741679
23976480
30879914
57124671
2418033648
2623875737
175237215
2195253764
1852591448
308543587
790613989
1713852698
2895707648
250808969
213121635
12388532
1190651941
3245663276
92316849
754243238
24208580
338048496
133709051
306506766
17087575
49800332
32186950
25258507
82379973
20964739
328260787
342253981
380751076
1461240524
818740176
309411152
502184606
18860269
15984959
192084772
20288084
2369704940
25198464
15853073
1075055226
2414982145
14069365
7090
520649776
27297599
88600987
1622917188
201036535
236292831
121784548
32675207
336107401
546181182
19039864
1297412396
1382686190
356044437
95732041
18684145
239250031
1135331719
148175427
2503212288
37533272
428378524
277537333
288458452
1705300957
1251392552
207581139
426013778
26273701
1240072604
24277922
1077937430
583117972
1934787661
172823893
321109370
216385540
114522379
30145277
156884665
270579810
174179617
19514348
958163101
198787362
30192895
15918451
431101806
2034901
26191076
245567641
823083
243890480
1159372692
1923543218
15487244
195022158
20805698
471669821
2305797428
333051576
2664013591
895860206
48483271
3067447043
16385991
36582768
324046551
2887089525
459978887
269882100
814655461
552150476
32436546
167069628
378645070
15371215
360119013
34786332
2593518032
214748525
34101992
407818872
24077508
31583882
18275251
302273908
40012051
825852978
29452206
48620882
14745572
21217814
24657412
2679520500
579915519
1330155708
735588163
372558310
20676302
96706670
57314318
203940965
35063039
862438794
68548942
1240515060
764622636
338092780
1289848416
299285166
53279490
2268477817
250914107
335687391
20734420
15939540
344758100
276527824
965365735
229676721
1357315292
25827235
2861875748
3045432623
2554982875
2469750674
225106473
278300169
253767435
26817068
2256203816
27891748
320479138
1545698215
131328613
2342981840
24424656
2765545423
67380110
32490996
181772057
127595135
16329731
185906955
319939901
2941125065
16888791
181805248
429379057
118147123
39040820
2766930207
16585101
394908332
309774366
1950387835
25164140
902835774
17915860
82192606
27227601
41515481
28550924
40743096
778798705
28952582
554507069
474048273
3071765029
2273332147
1927289785
43716616
2184830401
1397198886
194160376
304775902
776201797
447957260
2255413334
818769871
517023457
36865775
252716494
25178951
192656464
1493665765
167137166
438165001
462571376
224877971
28112362
57208387
350167818
260139169
535378373
23883647
298699649
3303196673
336229554
76262555
15952344
3190218577
2188483964
1110221918
510968253
98452550
1666634600
168722157
3241958463
21438134
3155103992
14103965
30669177
928183320
25951618
149983195
802722186
24447473
35384802
352127583
291379798
137520495
22892875
256227070
5825952
259526302
63353595
439449027
16322041
326991244
2291436487
125137988
991878086
597162822
767539980
316990878
1856440130
729649135
554610875
18929868
434683276
332459568
347394703
347011824
30965261
62713836
273055741
90714198
90120973
439379816
33106358
10738862
2230230541
1339787496
380606658
343680294
1321561981
153913480
729177876
452426703
80989691
431316692
9652122
274132502
176825715
535079024
39483850
2294961852
63955816
487459913
1601802992
525010105
102789020
54598362
36707014
2375402605
3121212253
2234455734
1723527152
40262504
493682873
2745712545
48903336
28751843
286322844
3026624212
34093672
125632328
51446492
17883701
290895735
15212524
141290663
27142955
69709982
20535707
2151827234
87050451
52245007
212848444
40129986
14429755
29012862
43629631
2736561678
258557227
1480487906
207552480
355935274
812426779
3026501296
24632499
15808113
110720467
7496742
41925308
1424611548
90712834
2241545802
2172716978
2412094136
22467578
29246435
579402525
42973065
478040641
7591572
17091068
33822250
33761906
16429774
1532436324
3060512490
20422158
1565151
295426007
291347894
318644989
216751472
23341160
1688748530
212448611
17395433
525791726
852345234
2798263897
1314466627
17177211
369112819
68162934
599459658
30401362
43991523
309190582
350540570
175492028
17466132
22166197
20406724
218271589
104299137
1324833450
16789970
1629909870
1065068432
111898796
2776818638
1563931662
2924418853
3334741647
2161446728
69389033
1446740810
612932090
296377533
1635936097
343667268
335989040
116770116
15648418
35001343
55601168
165081649
58786513
302004392
1908769993
147566289
261054606
22833425
41521318
29524681
247380033
3138925389
96247134
2902773399
2239425044
846651847
48105135
2614473492
588740117
18888847
3248097133
363926247
1660709821
2971188222
2962800861
18221144
391658754
2933698950
223313394
1161929450
213118015
196447125
1654423190
18229623
47714266
39845278
18950681
376876772
461788638
37847610
46424263
27087435
2859291235
465844238
14294363
33189932
3260499620
146190897
1201756496
2375562804
24303168
15783997
47991384
137209063
57426532
822647
16569663
7234682
1566085358
34294546
83871133
1287763597
316698745
221240603
66271782
2233356206
37145400
2773310947
86089805
25946616
29726074
27818124
58503762
1707871064
34467489
612245480
268500979
2658123772
322302097
467793957
2215842863
198541527
69099998
458974811
837715776
201431768
16650365
17258834
20217677
341248671
606304256
35051060
3152922081
16051263
16585644
21994218
3290795814
37288357
297781563
977364895
612374941
1671024336
983508625
119789350
2718656238
21901737
456947643
20172480
420176985
196458749
23192201
19954443
36840692
74950126
425580734
394188905
613003515
2493054141
388479343
124653833
530822717
131175226
2355313093
18645342
262423361
1305704594
2180874848
414407673
77347405
55664641
29640487
22069212
14917903
92688117
130014089
243882040
55097585
19219230
1145921160
36540378
28963234
2823330104
20565970
357320560
18196974
19642191
1008780668
114436807
359719297
193956700
252866356
16018868
1697923279
26160313
2356092441
963725846
2390381622
78779989
8619542
2897233640
28482770
255807625
23751066
558152045
293538857
197725046
19267585
1896034550
151688952
621457365
820767086
288625190
1524987062
16817269
554060122
515346749
98591774
2302126392
55807361
1085688696
20010048
100413913
46260190
3153084524
54147542
9769332
15374537
2373570728
2911520575
594454673
1038235795
23366118
129673790
291282549
599284289
102615033
2915702927
23039801
296501987
2899707171
2313341894
137730250
3252851988
332972912
211035819
247294227
85728309
17447159
49567050
2828181162
146062064
759644269
226160733
237432734
14200743
2502236792
2715648537
517741252
2949674171
582926783
3335906339
2194962344
2572952461
551965930
19565936
3181550367
2450201281
3190715091
163960835
3228100761
2316494594
342194849
462692754
2971098646
369108702
2204178164
18539918
107787714
2595467366
2615333156
2596209283
66354115
1363401193
345275528
443392010
1627000404
174422432
16205293
1145998106
24289048
2397973244
317577978
80895456
62761019
2307632106
21984058
839625955
16391507
46086725
459833106
117179079
54766919
1007756580
69259701
22033362
20299148
111179671
1353011888
2560118371
2492410802
452809113
24005213
20858530
22514438
43896050
482652804
2962648600
564792506
241590589
833182464
283703195
30080158
132243158
276641862
317706534
745157610
39656536
345416963
14630443
37259931
629047526
2469353204
3065334949
363604504
177057166
2179038453
2987611813
28693265
3020138827
2291329848
13922882
2450528581
3231068674
397837265
24975973
102785642
105707426
213463537
15616294
37337452
20968053
341468259
930743156
95488919
15843988
63564245
790070264
32516821
110611549
378588599
983481974
195793161
14817583
54786199
544713449
215992841
618584227
589763530
59279751
32849266
1304914104
1427880985
37092107
2570560126
124896632
50457705
1135669754
108020041
514991885
2931388642
29875586
317968880
128359036
23217897
56443257
26478351
2490091400
480986215
2326524896
539282138
44325733
2999612550
176910587
2664197382
2720293826
739954418
24257173
2249403978
622550010
375685781
1045893199
630777329
120935503
371864433
14159905
1100019506
99000621
244284784
211316124
133048127
1549209474
2466759866
371841319
52319005
207072407
59712645
593984209
435292648
2593938859
124018174
62611609
2872337112
1705629152
19598535
1365828522
2442887570
19842201
75793726
3256870734
373464987
65520623
69519762
142542130
577319663
795974738
125935401
2272300260
2346222656
370222416
377738485
88320837
614600975
28690832
37432471
15896037
1462594189
240697075
1272897434
2763527634
48554269
168717945
447575879
390591673
237845487
44548967
535017769
3230513232
3116068201
2405235703
222301145
183044343
1328108724
18956847
15212936
1358763997
27765135
26962077
2567207936
813930631
118826051
386723983
1433767470
1197667537
381847366
11650472
3234018132
2739493636
3172005550
210808941
22288331
375111211
474559330
3304228391
1498963314
20993947
592123102
23448753
726160320
3118391793
1284262058
1477779715
57945188
2863892975
2178934916
2503976210
456097674
615868759
123041474
468543037
28435461
16877149
379910065
98926033
238772601
1695189336
214936178
92645190
417834393
164077964
969367094
15045263
110900637
3232077878
19464567
287888332
43388092
371552020
162467961
129571317
2297038861
1043560028
2550698034
453526948
1045481040
555320032
24189128
5839642
2834669441
22386478
143115107
338736367
623574608
502599081
106379987
278357656
2912604611
609231048
474426412
353210838
27298551
2458807652
77403942
107178257
623032769
1514749189
27733887
955306476
2236291832
832321352
439549510
81038221
2336973236
3063072844
349417983
275758716
1497060253
2549458440
52237982
542846403
21959916
30087376
704146411
39588710
27693425
404334121
1336112724
1290162984
23380200
3290864453
1915798844
2805809552
386888382
1539437678
119246002
1123998427
246391653
32295250
2962627607
32939702
17497270
2586190536
3349669911
2941813715
2245715553
1184362802
880342542
1895593380
193657562
2724191017
490578374
27490542
163393985
145763443
141292363
117502723
113523341
2244110239
163567629
34245699
42258990
226283744
60845592
459136932
2413179103
310893721
1302236251
913141928
593167647
141393104
1963390194
122196913
261467279
963554857
283168424
4296301
253607126
205938062
62851270
45832699
1074518754
207871751
1640393216
16686144
37061182
389653434
2614691866
963939163
838788368
3154134330
972493496
1445459683
42569082
2456537013
176956930
31303147
23025324
66914769
53578961
15302447
70298833
58784259
36979644
241384833
583122991
2484674838
219924714
109854452
2589771511
225126038
41902875
1114735326
59398768
831208736
132752314
359509742
1230072817
23484042
2927105337
1457921646
390381898
262940385
178043968
730102746
552917089
31501300
3295799189
113831315
17181884
906940116
74770764
69975541
887431598
722433854
322353675
300401317
2264399443
53574893
52765234
58675142
1733025145
79573503
283677704
41482051
334751665
122856431
23320242
13365392
6655182
22076359
225166727
31289431
18199486
101708210
2969467429
15397067
726014882
248666088
39985050
9497822
130680831
85504593
122216052
24016651
23706604
1587184382
154760948
1001734520
529660084
2463263084
111732948
177212603
769693405
2471121096
515743743
2559476538
273488776
43555468
3320030471
3195712086
60332782
2962638087
310688255
98444466
3118887295
2174771983
16132719
21237679
61768027
19178210
28674574
399665589
33995295
39410093
951225554
33936754
2930371323
23279731
22563843
1626266468
428730590
329159493
55956276
2861899293
628806217
239949176
279561308
3122099613
41186732
234014087
381152398
84119348
14135426
233783568
2795517045
15764644
2897136909
741280818
28246428
3164451176
1339750392
2472798924
2755504519
821372790
1040447646
2288213054
204584481
767036004
179719307
2563544311
342806058
21312077
485805200
34003756
707789815
365772797
67408245
1068487458
464988233
2460075278
616275764
24845003
957676274
2787409430
93799690
90684850
2970349279
153116157
198317044
881201912
33029226
351850150
1228651723
523177554
1252801326
20173061
852785274
2950141691
281175400
49876550
844631388
1604640828
731680370
790398000
1735969045
1887559158
2608043178
18244311
376744269
290499900
266326338
104369735
65700868
401710943
2183959042
89367286
1318389272
2781870020
919189724
35390409
253353588
19536313
34466572
28007982
26930792
789845232
15609696
16562075
562534688
268633533
2327729960
3082139087
851138240
420777530
208826224
330738380
278693469
329198554
264764937
2161194577
3295122515
20913928
24459725
61415761
15639786
56184403
467709390
44157878
17669628
55304240
860330784
150544798
2813332863
190672282
2590058264
3076085301
22195146
769702230
760436942
48520727
2739680245
2302040934
99608085
7381232
38719918
455453181
943181244
579519897
85672768
3092207883
102287984
3165535997
2647801885
456192689
3165527607
3220670696
16687237
1194653046
22651885
543286954
3050508578
3165496457
22583220
171855958
28621943
288082938
2303146760
633892762
3236512093
340121865
33497105
18281205
1933829408
3246083704
353586795
2149168791
2533130065
3278055725
144987211
3297538799
2808355879
2447368724
129133915
3345220683
891409399
715992944
1310709019
19867477
15103941
16663
624667521
164366739
2375299303
1255319149
2421007620
1035950011
18735206
2174525579
2874415893
614767244
976428870
624827127
20772763
617734710
16529856
314172872
192444336
2587618207
792026826
18057450
271631542
831943902
535564008
121559144
2597125730
3096805608
17201687
18597764
142641168
2698332337
2754327252
14688873
57871450
2425647666
72267533
2575003526
33424431
201148166
901097250
30674107
3092198973
1620534235
19559392
601736765
35287378
16478421
3003905158
128274540
437406409
45656559
944020021
2307467280
19461584
14091546
20839036
2271963565
289379676
14616304
1436772295
1539021318
2271795677
385571238
905134842
336188151
186062746
3153211937
565764200
312805513
3092193257
137404397
302371552
240299017
2909607024
3165444389
550684012
3149017709
1264237344
473131226
27538881
372373925
27667945
246070421
36707956
2540752350
1145881922
3135844660
887880050
3273565860
192724847
2233635295
351378494
37020028
14076519
298667480
2841756584
2432221788
61294000
100343270
279425578
37489059
560248366
30317237
3244785049
249160382
269458063
1655415427
242438723
18557485
277810122
529354995
19948174
312381336
17232357
2356606172
1006752678
172341311
19894123
2852376769
33862906
2489325295
18458063
2828560784
30597262
509155412
179083387
1003931479
49821852
3160766266
2236392565
2216028116
1510841462
2364439620
1465907419
1909533823
50340794
251869642
108333819
546837961
362626833
327361666
1875333788
3251557324
531861899
3336901564
53030208
340216399
753555589
195180528
370260313
3133615297
110129833
393683887
42738354
3119089336
231447444
2993486251
3241661833
23500352
861458845
974519978
2272322859
3091791658
3237436982
18741793
3245084157
14887656
2999462383
78572573
2298387004
2939898035
1712064150
2485540064
3310062287
3060199503
139810781
223565574
792483630
1558772946
76731647
29536062
1258367311
479802339
97270767
18985847
2542273609
310919891
408941875
3253162406
2935432655
1944707294
110924032
533866283
851156964
3140999567
245889031
3229705417
94466621
849478171
1365612205
147247440
1957695516
3259893360
18092877
620886474
533949534
2518389584
49468928
2207870821
90756002
1154971159
3194090556
179567595
2497614536
3300590572
106747111
1479525074
2889021997
329761108
240011532
2374216105
85912024
2345541007
211221856
551830689
123777921
2795304043
942612726
57337570
1646108922
548995179
16502450
26265383
1431544189
40561111
3291451399
764645214
24178302
2995045669
3163011836
2812391944
3091957816
48455076
2763303600
236170649
2987896426
2745581952
1429395650
1546014098
3246401201
615458922
335622214
3048189527
2336265153
60098410
332102637
395530325
1702228710
2901334367
1040481030
14872450
15146463
513204666
3099383637
18150416
40489589
28270087
39266564
2260752643
968102443
12175162
608064928
3347963469
547040354
1452376531
76510965
118181989
2356923464
2345878364
261918943
1247772547
2823048059
1877263358
2256026508
900235790
116768584
3044742525
126206905
2337193364
19042466
108070481
29883456
712953102
149665425
96850096
210715187
496560833
17493373
2496962902
876954804
505348722
2241678152
2749397745
3055923273
1328125591
586164386
542852024
138526255
248782419
1725047028
1531922934
2766453313
2416664256
19293408
760817382
295017808
41411565
250265152
626859413
576349499
3121227692
2359974187
17470539
398220863
3246315814
206854949
25127355
360967325
503502672
2372754552
2419495681
134506419
452263554
759679099
3293215216
8746882
2827665448
1223362082
114403364
237812932
317214155
23136377
1470705733
2798659231
39331547
1522032235
1585807094
429410746
2790965574
142424816
1515125024
451676168
990788370
36607082
475393715
38076933
3239520504
3030592920
3110952765
152005323
169947707
76235882
2372038201
197491022
3081393904
375349167
44626747
2433047627
7824172
3023003588
108386961
2178986059
60918224
16043396
2817664602
162696681
1702978728
3027674227
137894605
193886756
23030874
2924467434
2320381411
580903808
167755800
2774303985
20598058
30326970
2507601566
1368609007
453689122
1160416669
2478284215
17580647
2596735399
447695542
613972984
547222007
15631500
194334739
509964816
2176483669
100396728
89052747
271229421
2663152856
2159068583
326781702
568662145
95729557
19728247
1508831130
388605285
1937626861
2306893050
785616445
2298134437
2493226369
15792865
2695732264
51942524
11680962
273987936
115794602
1386039434
165073959
1367969154
2785095528
163636683
344314454
344894137
30030404
3052884712
55121922
1165934089
3006853582
168834605
65947064
22082265
2734762370
121873926
3264638891
48772945
17568513
1050787094
802363802
1317133404
1634552636
3214054423
149751818
318176817
57141572
2925784304
1026764281
921357572
3269467963
261350289
215895297
2254063459
146449043
2811707723
1507035384
157800635
2263737588
90080069
1921630856
423106023
14446557
1460928980
2464087719
3321410956
43251792
135938330
3064265573
526014122
2941263338
65208984
2981584944
1634110867
131301097
378815664
294938552
403838500
35427495
941386500
251925336
3166120541
780493902
1389788480
1321641828
108983209
2994810736
1087019064
3052538318
3304228005
322960714
2428087608
3017806608
1438532737
2268709267
2753688933
2275811228
852002082
2889235929
108401622
166183813
927216470
19262912
2189207978
2725848599
40499390
38976017
110014280
16211002
32673296
1381088924
516007100
15750598
921267164
315673024
192748813
2816497919
1144191595
478157338
961401804
112874216
99127691
747871274
31190651
2978292729
21986965
1461069295
1633463683
73650792
3100138760
2929465251
241181715
337539113
237782659
299936807
19116607
47965413
27686229
541144797
50647831
47842352
592244584
71849044
17799853
2750355621
1444774410
57866417
710219986
2826743402
155707064
860792832
385226216
29133079
126497496
103000520
1107406302
173677598
634785875
387951727
21779437
1493986860
15092780
6956702
14237969
86790590
2503317468
25096219
279371476
29108260
122484616
26588369
13832182
30647780
117983479
355470606
53019309
123789941
2577726673
138249331
3257941644
449882975
3104601972
2330340402
2152848168
473637671
436795156
1361437363
314111909
2277922300
2225235524
1259583768
824867864
74352812
2842353575
279668945
1364325079
3029336655
2377733124
361460084
177944746
1324480466
3092789722
19268939
264652564
974813768
262714309
3253285213
2474539153
809710136
232087043
498903705
38691332
3235205713
2808525690
209771034
2612832359
1546149452
2745804818
39643733
421556288
220526324
14231597
46980135
3188995035
266370372
3259200008
239051623
3253027544
718556490
3231138109
2571117021
22241525
104708507
21710454
3368439381
3382266503
20005654
14669290
704727061
1216086978
465145766
1337053033
2786185395
18004650
471590513
1018085190
3141866225
1225749145
362149323
17477253
3374366861
17656465
2484632011
207141071
154256457
194449239
22850232
854546720
2195925000
231529253
408965999
820322534
1343632100
2224644214
2170922366
1832050212
2968182964
238408688
39166602
129106500
45673524
348963601
2783810095
364563280
42933544
488565069
108312938
556962628
3241410976
254141618
731033971
1484961512
439645689
3131070327
2479330086
2220686736
282894960
82814344
2488986846
69659859
630750125
32337880
47106908
481399652
978841134
2540573335
214886970
482599267
242999809
1284956808
54597913
51317263
254663576
495199444
134547307
3154058407
18907301
3354083511
2959327919
997931370
2402201132
1329516092
50367013
109484669
232698161
16672662
290824795
789182054
845367787
18318256
2982626337
2215185970
1934741881
3102496296
610919328
819262818
1058477785
188163864
181309290
567422544
2573928162
2462339132
41865730
2763080418
603784190
109704112
266021090
23804138
23303135
17495334
1601802565
60445627
393932458
73244123
3022453629
1353564092
2746637598
209608973
732025080
90804267
20269254
806095993
2216451449
41409173
20886550
798810870
306197870
860566662
2470204352
104727439
2726862579
110889275
2513881490
2834460093
18723666
113356753
55679493
2329498706
3152096884
787991706
751372572
148771088
3077615801
387760840
381893804
247910811
424755378
2578254934
16082911
112207389
3228880990
88121538
3237109164
21035682
194150366
673413
488383984
3090920659
290607480
194426702
346225460
480942036
2715931541
2734638825
701576782
1000567046
1487918514
1408622646
16191824
283914577
16444840
2311086683
1278587388
245625187
591744952
276277980
2712086412
268334152
2498670763
2465147731
525818314
573978383
2929796663
3226495345
73225768
50645867
2329607676
355622545
76553631
2244691130
110961163
1719695058
2893216836
176534793
724878049
2172659323
25491624
29100193
158554453
48719291
2955555394
2225349350
64485555
292402296
1322877044
11445662
20168368
1935354654
89119209
2765155218
237082086
22264801
16703101
24720598
202366356
19039894
29223072
2769857832
25320303
42072260
29839622
2564303984
3085185771
182182978
38877250
2469806792
631658169
2567319721
218086325
137436023
1119760256
1352623212
194751831
272267456
19805321
2355567925
301713190
2732214242
1957947373
322874617
2819362954
2830408994
716905889
1604464490
14079852
26781439
2812106552
1323628663
239420734
3241876331
8707772
198227892
15522731
138982573
1927942212
1886186202
40874240
585420009
2164876369
27668428
1192835660
40553358
33638321
924662773
1877233567
439109522
173630169
350657895
1909391822
403942389
17310523
81446528
1934668646
253358611
2439944157
1402707229
2491694166
1300809446
375454793
2325900216
2462590224
411774126
119156588
575760533
254965922
1879296312
1534596866
38181780
37704022
70156027
18548136
322634047
1935359538
2455595246
471332414
59959549
806217258
31488398
445788594
2725364611
14955908
373250902
18544731
26688109
36823
2827299613
77867935
1476210835
594404484
48948133
47659656
373084386
985813604
2469717942
68360592
134140952
1031617765
15360041
1931717304
184512610
3090418345
2202681956
33412076
120561638
3026921073
2892806795
2546483125
803368998
14720594
237553163
48278272
1249988161
272649652
297767738
1373259402
2782348940
14163789
64749501
1495975435
420203536
2288856122
265489252
41919821
1383170816
86373985
15275963
2409595531
19848425
21810329
136402916
1710210972
373336995
3282574470
3247044241
15964672
3235166377
385026297
1466185928
31203276
35302337
553901702
1239873668
19126159
15420180
2591843082
65083666
324489515
23303643
481926866
1588702699
21011616
2877128234
44429819
482944485
28167824
399178595
1546080678
2804833183
31497295
2927000528
25080063
854875705
132283755
148637324
2850766605
79771952
3374869365
24737412
3380897103
2961723001
3269554988
214614152
588003797
49526243
2992439943
3159114832
2900026083
1787818416
44518469
2966770391
2349473742
17984049
247129904
105821864
3198276169
15984495
2764720327
459287059
1426132309
263437634
1028537388
1955494334
1419577212
192538987
24357823
24032654
37332302
508503884
73922604
2926930499
621206918
349860254
3040032162
2750095230
3381156351
2266537232
743920388
90959713
2883516707
157421631
49040527
859031983
2787699738
3241924811
246570022
1380339558
2661213121
3129977461
2941822831
2505251408
337005148
2548268827
94367917
173606855
2806004678
2898420452
978597343
2338469365
308142557
2569730485
279339485
2548427874
288584040
206400747
293656692
57137161
156005263
15755592
3379557243
2800544974
222216539
158603785
17480596
166183789
2795418010
205044620
2986748614
3270933505
863291257
178108219
22164965
29354848
534420117
2762482602
2717148117
253201164
193061543
3310209088
1524504108
374900136
74611650
932800111
998348030
853801490
42217125
3297194657
2223552756
2536459956
607210349
1961286391
515681618
33314785
2329733839
3109163034
3222759492
51244032
267970075
2422821684
33205490
36173816
1312113937
3007997607
352777535
1918362037
32883015
1584259802
1853135040
3002700275
2379683173
2291773308
2411064696
577652051
2388921154
399722029
422270949
15042261
17087547
3133064804
1693095812
371386189
147425890
149942264
3179478090
131992574
169325249
201832995
208773595
531666149
229587515
38213740
280071073
385039748
32447525
813902060
1444074480
189185882
2898072321
271894343
403932208
162473199
128554081
402937312
2316003601
2739792487
3233900555
315526938
471560358
22796565
162219201
1548492512
262349771
2198820559
857027251
100880543
3120401356
3213473824
1058477816
18267698
757739089
1638335006
629160690
2250817146
19856692
2996078151
2249732667
536646582
755473626
444284249
383085116
2895067708
243935801
19508842
47384744
30741989
2489876192
406579529
371950796
3247417783
186568831
2551313612
20441751
2735783902
389807784
168021321
146060152
286840556
2796260970
235355769
385719620
185039684
217574712
1128510168
3272986743
188055481
1528922604
32294529
120845169
468551392
45413198
54739606
263282373
82179637
2766243185
3219941263
518129224
3240384924
301055281
33124066
459417777
263196028
461385547
3329920348
15480409
36600463
389377180
16567997
19582638
481728744
2957810461
2383627949
45684510
2995025746
2922006781
127230371
3112277576
123040985
15019052
389069412
180058006
2253654474
105551150
20288772
3347140587
17294950
173431221
1231122511
14354399
21990292
2796309563
15995432
187108150
446727989
3271486262
125184430
384986062
384649026
27902863
1400265618
2895334085
1517267136
2494736924
2485978453
312831840
111068133
1035035580
439616973
15534491
25605222
2176639007
202935157
1038888488
567647350
37761987
2996107952
1363099860
900091915
1627158452
16262969
16398616
25780572
31889547
2296562810
143135158
1276135706
160018783
1553995394
1616299801
2926281099
2426370144
14268445
491243139
2892167459
26602602
3193182922
44811394
16670816
1217055984
14320087
539609626
3225062177
724521750
101532348
2516013102
970415876
436881625
420823939
944526494
18703939
3030484977
1087371266
568667574
386209378
834669925
898989554
3230735324
138257491
69647189
2389892203
24538575
230255099
174055060
2976899944
16566465
497389448
73444837
39337892
3010704366
78204783
603408933
2855809322
853076791
737378772
3013191149
284555858
3323640519
1326876295
21153724
122125066
30597520
2535563772
294111875
1531145197
285362640
3319596946
83497847
341855722
609698128
25533085
79553432
10848792
40321629
2670408302
2684557473
567416367
9078252
1950980395
261324907
1954842048
136055158
111633130
15443890
29336037
19948092
1210646653
74541831
292994817
23976801
20136687
986781888
19660070
3249216014
1389565321
3090664008
36096541
304988603
60302029
18439329
868555861
16409758
16657036
1488806402
3053338062
1371002400
2869543004
164975534
3007329800
1230282344
2978364123
2202187092
463871228
1566984518
2841767832
358932899
3146722596
3014148579
3012997804
755716560
729078128
456202115
357533967
3181044367
2574045626
49379886
415826305
23280370
377738649
1064452536
386870832
2392789262
35096740
75318169
178894479
39528072
324132906
464584780
143212559
330509973
35462798
1888626608
3291981095
3094369868
28425705
2752385040
3221793984
1472355182
13176492
22449552
1389824197
17634686
366877481
29948870
17025083
21710345
891765697
2998597723
23803056
21422808
516068071
15533023
1070969370
17043155
829039422
480822495
18438865
608762112
127301865
472639602
73992821
928212156
404132211
396007310
22185122
714047691
17205415
360320296
43626022
2782730956
18229413
14941706
1363070030
142299055
108638487
166999015
620310806
422479459
2203470013
103449767
2164236597
20203676
73267550
9480572
73683746
20061464
570247683
21566849
1008048804
350298717
1534615782
555275062
390176029
36162882
260989884
2747035544
64703161
21175813
373109264
27087844
39219321
1549811418
101834216
2775433778
3024469669
30925396
314287177
520735467
3130976944
3147972412
281151427
3222813805
2733404002
21212652
3265884468
202379936
108037543
249096055
2331755443
3226388130
14318999
2712505553
19109512
33281866
22012091
44285283
221211896
242618658
1323663067
900385344
21048844
203455506
65456945
828068220
416212425
218241870
174507706
2291995988
189373164
182409464
93706471
332040130
265086300
19955438
21461359
68182390
291767466
214629326
248805950
795122754
2194826388
185472251
127870840
2472896588
1002969404
2197168892
706474578
2272531993
2238981799
701616562
134924292
110166406
55133916
2476008451
2329890206
475275997
1897489290
286470933
58997390
2334144626
24405200
1405337395
343626166
2690565079
992418828
1912101054
879012144
2825437466
18704839
61357481
15993333
22689428
81631941
3323235405
818930496
34402366
715105903
301926114
2150659849
3296016856
24140125
204964559
3379062340
2915730738
847362500
3217287939
2860318481
430187862
11006412
14641650
264963772
1697852124
2837991784
385412944
3127426541
1643303280
62916738
409560989
15569607
253221599
57243159
32031072
1969585417
22463542
792119786
792172915
20662892
35919814
3259266230
2185291783
1830067706
297938809
2538387896
65205116
2961815209
62058272
259879111
2397037648
69011942
18723954
15808765
923370979
50146366
23300815
75883588
2195560843
5994222
23668559
28421046
56362969
62974833
2475342728
2355362293
18501487
1873024430
2975350155
24912459
93637779
2523262549
2517854953
2715030648
114987542
3272110850
119440282
21841580
3272650849
15871090
2233488978
1382800141
28108593
2490165774
608039993
566291737
56466021
119128521
22375953
19708131
2715777210
482483379
2150427982
2560588812
863813551
36032320
104459389
29753067
2328050107
1682157414
127330660
1323370135
906798270
80644890
1395610328
3004612431
27450176
11049952
1544046870
45455618
19719380
19792064
133022865
884458202
2150229207
2240063386
2609677488
975110724
70889396
319100065
1533082537
1487718806
551038877
240073748
1541976044
179547633
393005076
518543766
358905141
16671372
3349775525
44902783
18735647
248093041
16134203
427362005
16232150
154918058
23676863
1146610212
88551731
22054555
222151790
166001916
19409873
245481431
2335834010
252685994
3010775341
2149617647
3290175449
390020760
1525413276
2266398808
1011382602
110899766
344233703
89296664
260766816
3184858511
2366038953
2229157272
3379068221
2792092657
124589224
209953190
2215541080
197032439
972738918
841884115
3225728517
21712038
28375536
366730697
3266224675
588630461
176549904
525927423
2447239129
419912835
3229797318
2191092157
503724121
3001631777
16132087
3293378033
195731776
3380415394
975029622
115679415
3291315249
22651134
1526459220
1461350898
3212748213
684743
1541965728
3262905528
2945272382
24710119
73144534
2372162220
551057292
315967449
3233756264
625756886
251769890
69734136
126434587
60212414
308861333
1154662164
92099801
17578862
21925506
177225433
437260195
18283372
79784897
2488436060
1708818446
426683394
2906656272
286897024
2356432932
381642373
25640802
127948551
165537211
789755286
357940002
2533454539
199924232
430281196
246088673
18400972
18008403
366540611
3311675519
346161073
709828169
25390486
2159771392
351500707
1146454603
28934569
3291778131
521699983
328657439
157054921
2790538982
836562037
30923233
253136095
2327434344
33811812
263765821
1557771882
325688284
2476843155
306421611
224657541
219976480
942481518
1634221849
3048139141
68393539
55712928
2813636724
1947800624
2744651082
1226327078
898902810
359662817
2775892105
2977789042
427097834
62675804
3250281438
127666780
3331367499
1428850998
754135908
74306356
2291655589
3183288542
1395835633
2365728330
2510480688
78607910
589511830
30562850
3248753868
1897953967
313667264
2940669068
2598392504
71457662
152830519
18965674
2272400485
226835460
28842576
567839716
1256827484
1933122289
607638126
2332461674
399323356
435447610
60968649
337877861
3180624900
43622910
16578706
237177347
2396066659
248945322
718594267
215089454
217316393
2572693466
2925969312
1550888671
223743977
2870184393
3018910586
384652059
2804640199
582180816
2347719997
21314814
1683533647
394277949
282732043
2998798542
2651777845
1058717720
774683335
20015188
1092979962
1716446833
270467982
156036244
2415105174
359382918
1441509901
35013862
1146136638
2934096199
1302110917
93111391
2160596459
2875081251
321288349
345399113
1583718259
56788628
3078505711
72454254
1385771911
93912662
346353186
261879201
355741842
2957013673
303900881
1582374618
2559957139
47290331
2822428222
87516410
78089831
22638184
1287039600
160726382
405996524
15332026
2815487433
1237042363
22229103
73406177
1859515387
2832365528
2311063720
116841782
65163890
77263934
18775770
8466692
16870321
21540725
82672438
478936163
32608975
93267167
26660626
531436010
16956103
617853906
2449427197
44917830
61570300
46477493
28867473
18770875
194220914
9439062
275678643
18610043
121594383
16327858
525005120
29515727
540973577
2975284077
2227578845
874
16711026
866982542
351367122
50878018
147331465
281588648
2515448870
3111958948
1622933460
14596145
22870443
433571895
1117361010
545417532
1144647762
3184712971
14844380
1478212500
575760038
2328196453
98976956
3234670263
62058128
46944166
23959413
2851059951
17268454
1623434312
39830633
3138434880
252244719
18817081
14114579
626045472
76698951
25319959
43292851
628773508
234407613
187103265
33272572
1680866616
15992943
116919283
423888869
26841335
2375921599
14787758
18815077
15484541
15462317
1684625450
92374836
14268957
510782248
17097703
2880567517
525783599
17580892
476410624
116686335
724681146
762712981
22336731
16391618
349408617
17848540
182688169
85881268
339001318
30894293
832194984
993275714
1209017300
484792469
488225073
1229007625
1633560414
24956996
82649553
71651549
540198783
1316799278
304786389
39630126
110772878
18721670
276785459
21293089
15429807
981802260
544683635
17126697
11397002
479036755
173263295
67090241
563947404
265441797
568695530
16018895
2373857028
1156245463
28865213
1918976288
302881437
505404746
16368705
242890081
40585909
17022638
42657110
584226351
613538389
14862668
16422127
758518213
12203692
2711177553
580401254
743163666
1335267692
927746353
3040293580
2241464430
2969992499
1099767546
16189553
2337401312
158426909
75425872
592252408
72203279
1912251
47818243
958399670
1419581468
1213968187
459782971
246848025
2165739476
1884474392
2396444449
22018965
50648768
584732642
154616440
547771105
339238294
625633510
20565828
51733676
1602522476
56810089
216223295
471139183
602035691
1548756944
2499597841
619079693
935146218
70491757
3219036295
8162322
1660508167
113304784
2920081092
276209711
1909758854
487642650
2308520198
222532228
29758629
24580091
2456975910
2394678200
120941602
16299754
1301107910
765904932
208231032
105893686
2436275690
48636686
22413587
235676194
16119692
558953561
32084985
380102052
2203320877
95665776
379869831
909862986
2222022738
165898279
370916807
575688602
88768596
23295013
735859092
298596391
21455276
70797085
3146654173
2412020448
260800287
47420672
33578917
42208548
64147321
3045451903
16566133
17112700
20236381
20474522
296001558
390845286
2233637317
1246567549
22565690
239868862
18651025
634867594
19937774
43362305
31535107
803384780
254865798
1924165885
77603
34041217
126786219
2154538839
324376022
23461407
1921354945
398354613
103121665
462546854
3304921623
37690765
15195734
36938483
269001001
21489352
998843443
1356298262
20100532
719085576
46212982
37127850
358972960
16037326
19425192
3082986275
21335895
971350764
2375936047
1518469572
316607835
18611207
16461363
405561109
899133913
197404857
3056977215
3060563942
475405522
194729472
225977109
382470957
341168669
1184544560
40104651
811858381
2291592013
2230464949
228753581
619570194
871106948
26470257
381732787
2447021562
133094518
1439700691
312248392
51414745
583401756
1316556301
72562983
260965613
15363133
83289696
123905976
90767831
557614924
39810446
2335916773
613973952
81766147
32260931
464881483
225145654
780269431
1554762541
19127931
149269564
2492676879
18381162
620939921
117354165
3121651429
250946249
1884741524
3137648726
1167310548
46798684
344518288
3222696393
3062750309
233666428
135569237
2541872018
14551462
188851439
33531486
246362315
44632333
3133799992
462673299
2320216189
32856634
2829352102
53578099
227766833
433752577
15471611
16790394
125171349
16462209
279783087
2350441928
485016008
832488312
348259632
2955569480
471333409
1201657058
910443056
404525685
1539564943
482086469
1549259359
424174716
84644019
18052655
103905161
158783582
2970279814
3098166252
2543598769
340205052
3191470098
18231627
1593366066
3260984963
3228291348
128050849
3297840939
3375973313
559824193
2891355371
948531672
2973349248
2865440650
2787403983
3136474795
322532219
356781317
43914029
27483756
1342839534
794143759
399547543
1875872004
14761885
1360274185
85416920
71349286
3122997408
544441532
1635524665
1541464177
3164328177
1364733284
16185844
1492998685
24722016
60135636
312713048
2542575410
29769484
441208893
3372421397
3377394712
2312251794
634275072
3309219527
352519205
3312684021
379373968
2908127243
1391311794
429935167
100477926
2646715753
2735463476
23260256
2374463348
32072844
1446382514
1060851446
3360568324
1194541100
2375461488
3260442512
3273438037
226473310
414891013
434175153
3111226033
190377097
142426053
3355725994
3353151075
1342037274
1340180576
39896038
3352338687
2908971738
297201226
970164416
3256670461
3366714796
3366555185
1887946994
3281218826
59702273
3184616389
3351386661
3277080607
1733378701
3056479155
278076233
3336516771
1963871743
3275332596
450153761
2864750405
165207755
30069215
2428776326
17960209
3277176223
3280183022
1072922863
292162869
305586596
1933076077
1487028558
2465122428
167600325
1392335408
330840546
22580256
61233957
178354174
614938279
22334960
16276552
3281194548
3369234023
1869265063
861397495
2549245824
3260594971
458871920
37877898
134974719
3121956495
361078124
65491774
3358839059
1935535874
1620871867
245959308
435799786
3229506722
36884733
25464943
3169386170
2968389392
1425668233
54284654
254809254
525029947
2379700903
799468328
3281735316
1941896438
89059259
2811455407
2400901568
37048902
64906268
808656925
57479575
31305822
1029162950
2744983410
466319594
3258467698
757345172
178536983
1367381785
60719002
368686224
2232843800
581613339
24486829
365808698
153876973
715052108
2931847198
2205161185
1511150162
2534072725
849169945
145659451
141337463
146741222
3190096141
187214222
16013460
1130275662
242491912
2247683898
3091521770
896422711
269060832
2905467072
359343904
246563588
339852137
3103213542
2259652932
28624800
40601473
268416076
1374717445
462311851
21522021
111412606
9695912
380608558
707512841
26087378
28095529
327700579
868351146
2565604566
39678065
503951758
1188199008
2294830248
193146881
34486207
98763982
1583474016
91533568
178294420
1685261928
249717429
1327282969
25507778
367218289
2415208507
21962722
478166730
71436596
40537936
3183148715
781720218
87785659
350032839
1934770050
408194759
17301087
48719150
530852101
103739508
403715952
290534230
809464962
35127952
3094455122
3350959685
2515748377
20524332
1969841803
17692446
2920963904
38344914
16855109
887474666
419767219
1482968581
1622988805
96838049
2966484359
10641352
16645396
115017096
31223236
251841349
259094582
372536288
981662126
258805099
16014100
729258043
31307939
384522977
184298642
2570940854
117254605
2869121676
22819351
811958256
1716882602
14630174
3029326756
211188965
134617685
2220186288
1016009215
97339562
170915276
2549056140
572747569
216575747
61863728
61149653
781299516
115111956
46769096
291903954
2880364274
151539920
2783670031
1108807484
286992566
2909373557
3005180361
733476054
755064223
248076573
333166725
15826988
1259805054
720866575
537052093
15752721
2562251658
605757334
2148029408
2693141929
31486854
952156134
189028749
21784241
478282825
595074252
189806241
13575452
27853694
15051207
22142339
69800104
1676891479
969530036
207574119
84290695
433626673
1245355310
800748296
96239548
501466184
3140341046
81621057
6975452
25610240
1144395536
235612556
286843351
2608497560
2935812193
940908996
28837388
1147635554
38506813
891390037
2792513884
7661842
36972108
2894178055
836651137
13081242
16105773
1569214849
362115225
18772094
1380181963
219348977
51827732
2891605635
2734034412
15485170
859494019
175035751
32256288
506817381
38835666
496305625
56038149
2817870914
331317907
61679767
46968477
124694413
68185760
24556105
792651643
302500140
70279623
158023332
2290340035
57070492
768164420
2571893497
3193944696
2796782150
16323682
448291650
57718838
29247988
170136927
1705981256
170688667
394130917
2382733260
2332066656
565101231
46287824
38738003
17159787
385741202
304834032
446427280
2800844309
16566157
2665593993
287462785
2888303432
1597043869
1378073708
451918757
239510568
221854190
32517666
495602226
185203900
1457641
1403812225
455479374
467560802
44947688
529774706
86359331
493636177
259420367
49012635
832405118
132566724
525843094
94173247
17202417
1541780334
96313729
3000661701
343656927
2615319734
1945710853
128103235
2541647589
8566052
18129366
2546651261
321106521
48742807
1115355895
258720422
2896998159
2446966248
312304301
3347156086
219855077
397775059
221655463
883421593
2844693572
57091329
64876174
1944508820
34676481
42918487
563984665
16475168
1035807246
1674082524
7858302
14852216
1605085122
455394628
259252751
296072389
27274749
163063779
1455966205
25357050
42717047
1084731660
21612225
252274790
507877806
291867196
2254938211
3150687218
270068926
774643068
49161541
4376861
903949472
17911387
3194712372
2553545652
1263603960
888672024
29059193
233291124
266945066
17402028
16793684
3240087270
551348213
327227578
263809335
2253544608
160194497
1164224114
1550044500
371925491
183753455
326518767
543780273
2289421608
30306594
2491964094
30815935
340552372
28798904
2271864980
143660061
834672494
16930125
45265448
136550204
216003160
51315347
18807864
282564062
287980853
25674188
1046657701
16338093
64718189
338793215
197055122
40069846
7039122
84806538
1389563954
172469352
1611627979
15998041
2294811674
278005891
25033858
15898439
2977539251
194347409
927621084
2196212860
37672407
2312829909
5442642
1446608102
2233503938
1037754379
468840862
3044993235
790586858
24945651
1424085642
36167622
312883203
257053584
401624214
137673734
23386530
334778854
523439793
777390745
28967919
731760930
21952190
312643305
2315927533
415332071
2241247387
321526362
1559708150
1353335244
260590025
16310843
114372192
52853420
2359028480
1682181133
479856992
31243162
14935223
1246392871
22708797
107502030
1546196082
139853621
1485664291
117743669
29378846
160587499
408727845
15955429
338678038
20756490
61787394
169079893
207025940
66173442
19629840
1371268219
32650360
35535716
32205532
244246948
76348185
18781776
368945781
169797941
53090314
334690166
325787159
20560565
2866005550
2224655604
1112486646
312964648
165571907
771416185
1653106226
84147605
559335813
138785368
1658898042
88079301
1027003224
23220813
21690766
4268561
91744236
200230743
128549847
1872933859
69354861
93371427
1201759268
743672954
56146059
45962742
70976885
1282127676
296025217
16516557
22055291
21058820
730714356
821105599
326208966
70740010
381443589
633281343
455585786
19915883
369814018
117974827
204790331
443150850
269747052
2328699152
52412409
576796855
334660170
16873455
2173434498
244746802
85612928
30500021
2351904493
2334075900
1180294070
1180303182
527770144
23198479
1944775578
169563805
247834458
855919687
1453039400
1597196802
769999
384023597
612715576
33819269
219417123
16684965
562981626
1206497966
63756959
1089561686
249368015
28994305
413566802
50140857
211889602
405905593
2344485163
269570589
17146560
54534229
305042194
349673442
635343257
339161616
113697185
20428658
2659960540
23829669
379194587
27078161
71357821
976264610
563817400
18056808
82103906
208607949
2417585834
5525212
12372812
15438761
598011936
464192411
1895341
197651843
260216717
1263082790
243639047
277624197
1643665106
3040019200
431932157
21905420
32253172
1931068280
2366262554
60984785
468569626
2513820157
40246633
381243938
2802966423
1328285952
16392181
358791916
19316267
556403
41729119
14246001
201790336
26319547
16475234
407406275
391498908
21839895
67156860
106261502
25867312
24958792
232395452
479795635
217284217
424656032
186527724
50750254
311812323
258000822
190723407
31120881
52187504
1951500210
113177188
16953422
360271512
17566505
80085904
20687524
258115225
172972627
774984361
134513525
62849781
24252268
553879998
2909655368
26775504
592202483
27052850
140060120
14993272
26350255
111216929
2209295724
1909502827
987472982
20807723
1166309029
15941955
84070700
23834147
45381821
868856461
18298094
15349818
554049853
2277763242
19088288
15603299
991634754
199317006
252399534
32863881
275714700
218277895
344633710
279735867
792756998
259302400
575363003
528055712
326813100
624101739
25169147
1214410454
2871899817
46243198
45037735
119898824
76027332
91910696
511522177
808009219
16098248
18731529
11673352
128210898
18900703
59911924
159169355
3000292008
81714813
3101689818
45988071
17710167
2705308818
19349921
1710649668
240282772
194705638
2993044714
21972628
13028602
69792268
47392486
581961266
2354270876
308743028
369119901
1152751316
2610039575
1349866494
278761594
64300602
24733117
48005724
1576172480
2837153099
379490529
10534692
52117191
71061209
23457444
1077365580
18382184
3161773730
249854076
587728068
3155793462
37599351
1198135334
477410739
87403396
33113303
494645314
319777415
21717987
14676022
21509532
24022663
171759998
1733800724
2573985930
62896812
521324496
2228757422
37011485
27649741
1562129024
366428047
112560821
966569119
229175453
17799191
266174850
20189287
39601873
68172593
594658988
596844152
2599843089
34428807
606695930
35571781
282857632
796757245
419889137
1558484899
1708316780
57655281
367716855
2420941400
53503202
259479299
277575099
1271136260
119179565
317489005
1106532271
312419810
1972399777
2886123838
17858484
2876009153
921318020
626149579
930275827
621347520
2908104112
2990827103
451591115
3024088539
33050736
34073634
399784526
609377816
17897350
95618009
2995845646
2901097581
307620998
22518224
74322499
1942453848
37836873
33923443
165791468
3108571911
55439345
3187669473
533343091
26250653
102584555
293655827
529917702
2309122690
144927376
19417197
319044545
14481453
3195553725
19490299
18110163
49285444
3070175215
28447948
2170592372
505706207
155796387
487112770
2906574983
3065818421
474335949
106804211
128645212
249297554
752472211
219496700
12094032
56595468
381545209
36234709
311424455
91186635
22888940
52936981
162269168
34527436
113400037
16186855
1967132611
295422406
293143614
465203234
1673765546
18082051
17901931
264356595
18394158
947937925
19304974
273965409
1251981278
390133509
18082945
10799842
27939908
417532239
44688574
237416733
349289668
3108386554
67164529
2821335687
55117855
16348549
164759805
192095257
18978610
55086126
123035831
74230885
82454166
43532023
4099171
432134884
19608297
970207298
64420220
17264476
226346115
372359076
942200551
3091316093
112017297
15743181
34089646
26875304
582512419
63498142
2889518243
15854423
6323932
31418514
15415604
366222792
25344328
16187637
3006236392
468672445
74521617
2916086925
63262233
17006036
34047021
1397508566
283970869
267202860
1488084607
1206227149
1339931490
88806753
109025212
161791703
63169388
1880674038
1262814457
240812994
248735463
43963249
20552026
310310133
1051127714
1060984272
2304639167
27206794
487789752
1104061105
2468696985
438501498
161622693
2612084107
343095142
44833317
33166794
27566692
1664681160
464871521
2451561181
362195047
2796334454
78306928
2320842354
35526197
15174710
191906395
1388071411
301585716
602302616
145428165
2459785070
113965765
22674106
31013444
79090088
162018381
437709799
2551055478
70771506
289136200
15935383
19396652
234895264
22136969
69108417
973870195
53584026
867491377
15642045
283235743
108411567
1054960957
95052610
333484696
2597948622
1252758240
2714340576
80102375
21265109
765777608
16409232
20285726
25387616
24871184
22530874
115442582
22146175
1439352644
845822936
66428386
139593662
22316582
193321170
18978721
21958525
16113639
24897739
748264116
29309901
48854106
3761241
157011694
65779549
334338143
952277334
139801354
15841399
419162478
235802840
90067867
132364466
110537798
8708342
37131103
1937312838
370886064
323025370
38214128
21377905
19915898
794417576
522708621
868637460
251293442
874757341
123248458
248495200
45633717
2260150651
343170118
61312139
1485805765
56346444
1493630304
274581613
14934854
2404561560
776664410
22646261
115094250
280243372
364465366
40493388
36386748
323948266
2451710478
602931235
2530255399
35756548
97021713
114863834
346040558
412829482
297506714
1626727681
370861739
130365953
1074073705
990627116
26816440
2189369726
15772949
153537041
295553936
1880401099
430299777
287507644
2364508579
34282709
272053931
305824664
2474649870
2429097374
1525342994
475145561
195409453
24712480
16243000
450108691
1305895134
22091541
21705181
912975775
32508846
1132902079
261327879
16380505
2259765408
27859462
17922816
172867574
2546698350
176827451
2196201139
526119734
15774048
134489719
135154352
2248221920
884671178
854666749
22324095
25436193
37324973
849746538
1860946980
125206746
873944677
1858335146
119590900
1477707607
37870744
2189164615
145384250
2180903617
384805250
16299979
257765608
2359537176
260291488
54210079
48038030
1347330956
14540659
95419999
154002144
399461895
967229586
156656964
335237484
18541052
316298587
840186650
34277214
17119603
69373202
473312146
117106512
1920868981
26302350
2589880826
45902216
44288859
39511729
55732844
22145047
162851057
15835914
312195609
34072858
77364368
587073309
346886948
873499573
21705032
2275311108
52511739
47237567
82901566
444396689
528077790
920899075
13883192
323865277
22695433
21933823
23364333
296542687
481577002
199567532
89093044
185660436
1249871268
532336666
56465393
28730834
53176629
16390952
518759194
1289586277
1089969889
619334540
490015955
1067293117
28917588
97494252
27474449
348024744
2413179716
14278568
2439394640
186281365
557911455
402673206
1781551
121795745
